2020-02-26 2 0 0
2020-02-27 1 0 0
2020-02-28 2 0 0
2020-02-29 3 0 0
2020-03-01 4 0 0
2020-03-02 5 0 0
2020-03-03 7 0 0
2020-03-04 7 0 0
2020-03-05 9 0 0
2020-03-06 11 1 0
2020-03-07 6 0 0
2020-03-08 13 3 0
2020-03-09 38 1 0
2020-03-10 63 5 0
2020-03-11 68 1 0
2020-03-12 217 1 0
2020-03-13 272 3 0
2020-03-14 282 0 0
2020-03-15 165 11 0
2020-03-16 680 2 1
2020-03-17 786 11 2
2020-03-18 895 16 1
2020-03-19 1154 23 0
2020-03-20 1780 45 5
2020-03-21 725 75 5
2020-03-22 1042 57 4
2020-03-23 1527 105 5
2020-03-24 1667 112 5
2020-03-25 2366 161 5
2020-03-26 2642 302 9
2020-03-27 2199 283 3
2020-03-28 1285 289 13
2020-03-29 1639 271 18
2020-03-30 1982 370 14
2020-03-31 2374 406 22
2020-04-01 2579 467 22
2020-04-02 2716 396 21
2020-04-03 2830 513 33
2020-04-04 1670 461 25
2020-04-05 1132 527 32
2020-04-06 2517 556 26
2020-04-07 2804 422 37
2020-04-08 3098 422 29
2020-04-09 2823 557 36
2020-04-10 2842 514 26
2020-04-11 1575 486 21
2020-04-12 757 319 28
2020-04-13 3566 292 35
2020-04-14 3705 417 47
2020-04-15 3405 576 38
2020-04-16 4023 599 34
2020-04-17 4394 504 36
2020-04-18 1780 556 28
2020-04-19 1135 479 38
2020-04-20 4417 382 38
2020-04-21 3955 378 49
2020-04-22 3974 607 51
2020-04-23 4601 644 38
2020-04-24 3771 696 37
2020-04-25 2415 624 42
2020-04-26 1862 945 35
2020-04-27 4827 612 43
2020-04-28 5128 595 36
2020-04-29 5443 645 44
2020-04-30 5841 788 45
2020-05-01 6725 650 37
2020-05-02 3341 633 44
2020-05-03 1848 566 36
2020-05-04 5895 523 39
2020-05-05 6552 831 39
2020-05-06 6038 619 43
2020-05-07 6678 631 36
2020-05-08 6759 586 28
2020-05-09 3350 387 33
2020-05-10 1323 459 34
2020-05-11 7201 505 42
2020-05-12 6895 373 39
2020-05-13 7199 599 28
2020-05-14 7967 584 44
2020-05-15 9650 633 33
2020-05-16 3158 490 30
2020-05-17 1931 481 30
2020-05-18 8326 449 41
2020-05-19 7033 550 30
2020-05-20 6657 644 33
2020-05-21 7562 459 40
2020-05-22 8276 488 18
2020-05-23 2856 473 25
2020-05-24 1852 336 15
2020-05-25 1821 357 23
2020-05-26 7872 349 20
2020-05-27 6465 593 15
2020-05-28 7131 477 19
2020-05-29 7774 558 22
2020-05-30 2880 339 23
2020-05-31 1821 280 17
2020-06-01 8110 412 20
2020-06-02 5699 477 21
2020-06-03 6754 426 26
2020-06-04 6968 501 23
2020-06-05 7913 420 21
2020-06-06 3721 402 10
2020-06-07 1997 232 15
2020-06-08 9776 385 17
2020-06-09 6688 306 25
2020-06-10 8077 395 17
2020-06-11 9798 413 15
2020-06-12 10048 404 16
2020-06-13 4917 389 13
2020-06-14 1904 325 21
2020-06-15 11383 414 14
2020-06-16 9744 238 15
2020-06-17 10108 548 17
2020-06-18 10076 367 25
2020-06-19 10179 381 12
2020-06-20 4387 371 10
2020-06-21 1841 248 11
2020-06-22 10684 303 15
2020-06-23 9642 273 4
2020-06-24 9041 510 10
2020-06-25 9294 444 13
2020-06-26 9805 477 12
2020-06-27 4030 347 11
2020-06-28 2962 300 9
2020-06-29 10258 369 9
2020-06-30 8860 356 10
2020-07-01 7929 440 12
2020-07-02 9018 527 9
2020-07-03 5192 496 11
2020-07-04 2088 588 7
2020-07-05 2701 314 12
2020-07-06 11274 300 16
2020-07-07 9830 445 9
2020-07-08 8926 499 8
2020-07-09 9072 719 11
2020-07-10 10409 757 7
2020-07-11 4821 544 11
2020-07-12 3567 446 13
2020-07-13 12430 643 9
2020-07-14 11705 677 6
2020-07-15 11287 720 11
2020-07-16 12785 736 10
2020-07-17 13217 834 9
2020-07-18 5753 909 9
2020-07-19 3128 638 9
2020-07-20 13061 713 14
2020-07-21 12696 736 9
2020-07-22 12210 934 13
2020-07-23 12172 995 10
2020-07-24 12414 914 11
2020-07-25 5032 834 11
2020-07-26 2567 550 10
2020-07-27 12597 800 4
2020-07-28 12628 620 6
2020-07-29 11489 966 21
2020-07-30 11357 901 9
2020-07-31 12094 1000 11
2020-08-01 4890 788 13
2020-08-02 2925 577 9
2020-08-03 13503 837 9
2020-08-04 13258 750 11
2020-08-05 13443 1073 5
2020-08-06 13876 1274 15
2020-08-07 14117 1049 14
2020-08-08 5641 1044 12
2020-08-09 3743 672 7
2020-08-10 16093 883 16
2020-08-11 13564 697 13
2020-08-12 14754 1074 15
2020-08-13 14562 1077 15
2020-08-14 15945 1134 16
2020-08-15 5587 771 12
2020-08-16 5368 610 12
2020-08-17 17894 904 22
2020-08-18 16535 543 5
2020-08-19 16229 1010 16
2020-08-20 15314 1235 17
2020-08-21 14974 1141 8
2020-08-22 6605 644 15
2020-08-23 4794 656 12
2020-08-24 13762 805 14
2020-08-25 12652 932 11
2020-08-26 11980 1122 4
2020-08-27 12161 820 16
2020-08-28 11648 1130 9
2020-08-29 4608 859 12
2020-08-30 2900 877 9
2020-08-31 12905 696 13
2020-09-01 11916 858 7
2020-09-02 11438 1091 10
2020-09-03 10489 1022 7
2020-09-04 10733 1068 14
2020-09-05 4006 842 11
2020-09-06 2440 589 14
2020-09-07 3142 390 11
2020-09-08 13123 707 15
2020-09-09 12015 744 13
2020-09-10 11140 1264 12
2020-09-11 10987 1029 12
2020-09-12 4090 739 4
2020-09-13 2556 700 18
2020-09-14 11588 746 14
2020-09-15 10119 612 12
2020-09-16 9484 832 8
2020-09-17 9791 1470 15
2020-09-18 9341 1083 12
2020-09-19 3714 732 10
2020-09-20 2319 531 7
2020-09-21 11185 641 11
2020-09-22 10268 709 15
2020-09-23 9582 906 17
2020-09-24 9968 1170 13
2020-09-25 9274 1131 13
2020-09-26 3905 903 24
2020-09-27 2435 870 12
2020-09-28 11520 750 20
2020-09-29 10986 953 19
2020-09-30 10035 1155 13
2020-10-01 10771 1475 19
2020-10-02 11472 1404 18
2020-10-03 4919 1093 24
2020-10-04 3568 825 16
2020-10-05 14031 975 14
2020-10-06 12801 1261 15
2020-10-07 12135 1476 19
2020-10-08 12415 1814 23
2020-10-09 11584 1931 25
2020-10-10 5502 1573 17
2020-10-11 3456 1558 21
2020-10-12 12402 1543 23
2020-10-13 13199 1151 29
2020-10-14 12375 1924 20
2020-10-15 13172 2293 35
2020-10-16 12142 2479 42
2020-10-17 5734 1615 24
2020-10-18 3508 1571 30
2020-10-19 14456 1520 20
2020-10-20 14049 1748 36
2020-10-21 13426 2814 33
2020-10-22 13283 2478 36
2020-10-23 12916 2731 29
2020-10-24 6039 2120 25
2020-10-25 3960 1977 30
2020-10-26 16605 2021 42
2020-10-27 15799 2572 41
2020-10-28 15206 3608 35
2020-10-29 16316 3164 39
2020-10-30 14808 3448 50
2020-10-31 6940 2770 35
2020-11-01 4666 3044 40
2020-11-02 18426 2882 43
2020-11-03 17114 3711 43
2020-11-04 19942 4413 52
2020-11-05 21087 4651 40
2020-11-06 19653 4940 57
2020-11-07 10138 4607 49
2020-11-08 6145 4141 61
2020-11-09 23670 4801 44
2020-11-10 24489 5045 61
2020-11-11 19704 6555 59
2020-11-12 24104 5605 42
2020-11-13 22396 8263 46
2020-11-14 11248 6745 52
2020-11-15 6864 5149 69
2020-11-16 26324 5439 63
2020-11-17 24859 6042 83
2020-11-18 23770 7307 74
2020-11-19 24461 6818 78
2020-11-20 22462 6871 72
2020-11-21 11108 6186 69
2020-11-22 6184 5540 78
2020-11-23 22919 5649 88
2020-11-24 21564 5988 82
2020-11-25 19072 6352 82
2020-11-26 2227 5637 95
2020-11-27 13496 4483 86
2020-11-28 8888 4261 74
2020-11-29 6107 5617 81
2020-11-30 21913 5442 85
2020-12-01 20369 6586 87
2020-12-02 19765 8425 100
2020-12-03 20255 7886 89
2020-12-04 18620 7679 99
2020-12-05 9457 6540 97
2020-12-06 5654 5620 90
2020-12-07 20983 5372 94
2020-12-08 18765 5777 108
2020-12-09 17392 6462 103
2020-12-10 17799 7182 107
2020-12-11 16548 7419 110
2020-12-12 8730 5897 97
2020-12-13 5687 4937 89
2020-12-14 18629 4268 107
2020-12-15 17143 6193 96
2020-12-16 14931 6335 93
2020-12-17 15758 5970 114
2020-12-18 14651 4762 109
2020-12-19 8352 6427 96
2020-12-20 5125 3912 87
2020-12-21 16893 3698 107
2020-12-22 14568 4659 84
2020-12-23 13491 6159 94
2020-12-24 7663 5487 79
2020-12-25 1205 3836 88
2020-12-26 7717 1809 96
2020-12-27 5190 2471 96
2020-12-28 15124 3978 105
2020-12-29 13456 4746 124
2020-12-30 13556 6433 102
2020-12-31 11334 6281 80
2021-01-01 2278 5357 86
2021-01-02 9123 2974 99
2021-01-03 5573 3574 72
2021-01-04 17682 3440 117
2021-01-05 15151 6161 72
2021-01-06 13576 7231 88
2021-01-07 14106 6118 82
2021-01-08 13006 5990 68
2021-01-09 7417 5081 76
2021-01-10 4903 3695 61
2021-01-11 15341 3154 75
2021-01-12 13534 3661 67
2021-01-13 12987 4339 72
2021-01-14 12797 4674 75
2021-01-15 11555 3892 70
2021-01-16 6254 3150 76
2021-01-17 4367 2497 73
2021-01-18 11159 2684 74
2021-01-19 11909 2895 53
2021-01-20 10678 3675 70
2021-01-21 10995 3483 59
2021-01-22 10085 3130 72
2021-01-23 5109 2532 53
2021-01-24 3497 2155 55
2021-01-25 11223 1745 50
2021-01-26 9743 2227 55
2021-01-27 8976 2858 59
2021-01-28 8936 2581 56
2021-01-29 8440 2356 54
2021-01-30 4353 1709 51
2021-01-31 2936 1699 46
2021-02-01 9426 1539 49
2021-02-02 8698 1456 52
2021-02-03 8269 2365 53
2021-02-04 8275 1490 43
2021-02-05 7628 2769 31
2021-02-06 4245 1721 29
2021-02-07 2705 1041 30
2021-02-08 9393 1198 26
2021-02-09 7941 1410 35
2021-02-10 6928 1741 31
2021-02-11 6703 1423 21
2021-02-12 6400 1238 29
2021-02-13 3286 1212 20
2021-02-14 2293 804 20
2021-02-15 5340 882 31
2021-02-16 3292 915 25
2021-02-17 6078 736 28
2021-02-18 5569 1056 12
2021-02-19 5639 1431 10
2021-02-20 3349 866 31
2021-02-21 2267 810 21
2021-02-22 6838 709 22
2021-02-23 6139 997 16
2021-02-24 5463 1085 18
2021-02-25 5648 945 16
2021-02-26 5159 870 15
2021-02-27 2850 715 11
2021-02-28 2089 545 15
2021-03-01 6578 569 13
2021-03-02 5862 767 25
2021-03-03 5624 954 9
2021-03-04 5409 841 13
2021-03-05 5273 1220 16
2021-03-06 2775 734 12
2021-03-07 2227 472 12
2021-03-08 6565 575 14
2021-03-09 5897 845 11
2021-03-10 5770 899 14
2021-03-11 5706 941 10
2021-03-12 5259 859 14
2021-03-13 2562 694 7
2021-03-14 2134 418 6
2021-03-15 6927 552 7
2021-03-16 6222 905 10
2021-03-17 5743 939 7
2021-03-18 5653 857 21
2021-03-19 5233 906 7
2021-03-20 2969 759 1
2021-03-21 2296 507 10
2021-03-22 6291 690 6
2021-03-23 5700 953 5
2021-03-24 5427 953 4
2021-03-25 5155 1120 8
2021-03-26 5142 979 6
2021-03-27 3003 922 7
2021-03-28 2349 702 4
2021-03-29 6232 739 2
2021-03-30 5591 1084 5
2021-03-31 5497 1177 6
2021-04-01 4418 1224 4
2021-04-02 2811 1209 2
2021-04-03 83 953 0
