456
482
254
359
76
444
362
226
245
330
30
328
440
73
400
396
19
223
195
138
227
351
424
247
494
438
174
232
238
228
325
358
195
388
458
40
115
233
215
225
389
319
296
125
279
493
27
26
318
426
32
384
467
415
427
139
477
131
29
82
71
47
180
448
247
175
337
265
208
177
107
82
295
222
243
274
272
78
454
368
436
455
449
187
420
41
482
212
53
339
349
214
37
329
321
140
462
40
67
345
101
496
90
329
440
438
358
342
208
106
318
308
224
309
489
408
477
338
207
308
222
18
22
452
443
396
71
406
134
463
242
18
32
316
320
426
163
145
373
121
312
349
410
24
185
319
14
470
76
187
227
441
189
5
225
341
190
291
362
17
96
381
125
182
206
308
47
211
355
194
51
38
352
40
15
111
214
90
121
464
127
490
133
36
149
194
276
371
68
14
100
251
200
378
421
369
331
30
392
38
344
261
249
45
375
2
440
53
440
29
379
244
47
122
383
76
47
221
221
79
416
495
473
107
22
278
38
333
219
165
252
251
69
321
438
349
61
224
308
460
214
21
366
305
207
312
474
22
429
161
296
401
437
236
418
266
452
443
315
435
404
80
47
309
244
474
474
237
377
180
449
5
493
180
403
97
128
142
167
386
214
10
152
282
488
141
87
39
439
261
143
438
96
175
413
165
279
124
133
178
438
425
187
354
92
26
375
230
475
460
74
146
375
72
331
252
242
489
63
219
307
122
333
336
13
52
378
306
412
89
114
218
440
256
215
449
212
184
485
6
2
416
384
218
429
110
291
309
318
157
374
118
274
300
202
121
224
3
448
190
72
439
204
224
465
209
259
496
136
321
159
362
325
390
466
354
265
161
119
399
312
302
121
399
91
253
159
100
391
476
244
429
390
194
48
299
52
341
138
455
149
261
467
446
331
154
202
432
144
375
344
135
484
120
308
346
399
164
350
490
118
43
115
278
407
26
414
288
62
379
157
459
78
354
460
41
87
407
334
224
58
324
304
214
405
442
118
184
60
34
2
219
465
453
135
195
315
24
379
465
375
85
262
6
424
455
489
492
149
142
212
482
426
229
446
430
67
371
256
479
37
304
30
104
405
66
365
11
461
451
38
472
116
222
218
83
493
19
349
50
376
233
481
145
409
134
465
488
498
318
71
81
264
108
344
365
54
267
390
362
162
215
76
418
318
191
461
494
453
344
361
143
301
417
389
208
357
221
321
80
370
354
337
277
433
452
346
31
238
436
403
475
486
29
413
243
253
393
449
52
125
490
5
487
145
409
168
241
354
36
403
100
288
234
409
428
243
321
208
308
186
316
389
346
341
61
487
108
265
252
133
342
96
2
195
178
214
43
255
349
46
371
370
42
143
467
439
377
339
210
462
15
187
251
12
5
329
139
118
354
253
3
116
368
470
47
32
152
23
175
155
48
492
149
392
150
495
51
472
77
206
40
102
197
173
20
423
4
102
317
349
408
152
210
164
480
92
306
167
336
22
330
109
62
111
399
260
16
452
360
195
118
197
324
405
287
201
237
283
245
144
57
269
316
278
190
138
393
362
120
289
494
463
168
215
153
268
327
112
302
383
330
496
89
11
96
216
261
246
351
289
78
236
33
359
440
406
74
3
222
42
260
421
74
391
257
227
107
10
294
304
208
407
391
403
205
201
294
326
349
482
265
239
14
26
286
111
208
300
130
304
145
13
261
223
475
282
273
479
443
170
136
380
429
337
477
468
234
282
470
397
189
268
419
447
285
293
135
122
439
291
116
289
104
260
75
418
140
456
72
339
115
476
155
359
379
60
424
228
59
376
187
397
293
492
344
337
59
92
245
28
166
25
207
72
271
242
348
481
225
335
212
125
398
356
445
379
367
185
496
157
474
164
298
197
206
272
425
1
155
224
193
442
182
272
417
409
28
278
494
208
98
294
483
388
128
136
135
150
35
488
421
173
140
53
140
254
12
311
367
77
186
233
450
15
488
334
7
214
180
42
281
347
371
171
410
487
96
392
355
257
402
256
351
180
328
65
384
322
182
245
407
154
280
8
12
448
475
374
48
18
74
281
489
294
458
144
335
240
369
246
95
259
78
155
312
290
192
322
242
226
42
304
406
265
6
148
195
42
16
438
6
79
216
236
469
80
471
225
443
169
391
51
86
315
408
295
215
148
113
68
271
202
411
179
448
151
309
137
211
287
115
112
3
189
22
96
406
487
61
214
266
441
66
164
144
213
102
27
306
400
410
79
399
156
421
263
495
325
413
213
290
334
142
64
57
218
346
55
215
368
76
34
413
47
461
27
365
284
224
263
426
482
76
79
288
399
107
276
314
329
85
102
28
199
262
318
368
122
303
119
372
379
227
245
486
122
327
200
190
411
268
299
340
156
500
324
54
165
115
201
124
442
429
474
128
231
215
260
65
23
133
227
105
254
383
33
142
182
330
354
159
221
212
171
465
412
381
480
324
488
468
189
156
386
128
331
325
462
270
278
237
318
254
314
48
462
216
390
128
144
309
27
305
116
351
465
311
173
139
92
370
182
31
229
193
472
108
404
448
471
473
385
262
347
378
443
380
326
472
212
263
21
215
209
3
3
86
88
259
170
239
450
150
176
433
80
71
205
144
319
21
133
268
180
464
297
9
368
210
190
392
160
453
166
267
273
122
124
259
231
37
289
302
461
42
193
185
297
205
379
175
129
479
410
132
248
493
395
258
258
337
445
454
209
451
300
296
225
317
457
266
436
329
52
49
174
371
21
278
105
427
492
500
110
229
363
223
132
364
127
173
201
77
495
155
419
362
292
73
404
287
94
456
461
485
463
305
421
123
69
421
57
414
236
54
48
300
247
426
338
291
29
439
189
340
308
48
322
134
161
470
230
250
280
183
498
126
69
171
488
8
123
286
476
80
233
4
380
113
147
123
456
130
267
450
70
47
379
302
227
310
105
458
496
438
141
498
494
175
206
454
464
148
207
490
140
49
271
31
117
306
93
111
29
208
283
204
362
111
398
333
21
288
8
146
289
447
322
258
230
5
251
416
116
17
42
383
221
281
378
38
341
286
396
125
198
250
398
287
421
263
420
435
196
217
379
442
250
418
107
53
500
407
230
100
275
217
4
16
262
423
328
492
74
438
243
42
304
367
472
488
330
15
237
363
80
441
191
210
263
231
433
214
491
259
181
251
340
368
300
78
303
450
51
59
167
497
30
455
193
472
125
230
78
111
67
254
42
64
382
210
242
270
468
297
115
256
104
137
154
354
155
6
394
61
126
85
104
113
389
37
167
414
304
283
2
290
271
94
399
161
207
360
51
441
68
7
134
149
464
354
50
381
287
461
499
62
286
184
343
292
213
260
475
67
163
85
58
220
279
268
46
187
339
372
440
288
400
362
103
318
389
346
483
56
73
181
178
317
460
144
291
489
161
438
114
397
340
351
395
372
376
30
151
283
313
271
92
358
398
456
212
297
249
151
65
348
239
329
489
83
136
198
11
6
385
65
348
80
322
367
438
207
33
145
491
471
118
89
6
102
227
122
197
188
252
416
244
445
391
452
330
238
443
220
448
259
423
226
231
499
79
75
489
146
31
370
471
378
360
441
89
453
428
5
266
434
282
160
216
70
289
113
37
321
357
442
494
334
498
257
348
360
339
494
242
222
346
93
477
371
106
193
314
387
500
267
118
358
242
144
117
2
213
88
167
424
12
442
143
37
365
438
245
366
348
213
44
330
330
28
26
360
308
333
299
360
499
436
384
89
413
241
299
74
347
359
354
235
25
388
448
314
406
367
130
316
393
269
209
297
20
307
451
68
255
335
341
43
324
194
157
162
198
363
445
284
417
343
400
28
97
123
113
382
264
434
434
60
380
207
167
338
431
338
140
95
296
145
356
159
285
130
30
151
7
235
49
197
131
19
153
253
302
63
247
288
432
484
434
491
305
456
394
149
389
448
170
23
74
403
60
255
385
146
279
457
22
139
244
260
288
309
377
228
294
59
95
414
398
240
178
374
1
45
76
85
54
457
400
270
450
57
145
423
105
273
164
275
310
200
66
41
474
346
143
202
326
49
22
12
291
455
332
169
353
471
315
191
482
206
438
64
325
461
132
201
498
371
132
103
134
334
78
447
175
441
287
174
336
387
75
409
99
166
484
136
312
150
25
194
457
293
419
25
372
232
174
346
392
190
158
265
118
119
499
425
371
57
179
356
75
432
310
270
322
109
453
472
113
291
461
354
358
301
411
413
161
140
199
237
490
396
330
149
384
447
81
356
116
199
454
482
379
58
463
320
422
103
50
321
114
36
304
464
405
379
451
152
133
254
146
350
304
490
497
386
297
106
282
188
243
454
437
91
421
318
399
291
64
199
47
283
204
273
186
362
195
395
272
284
67
158
297
433
104
241
81
484
76
312
500
269
453
441
129
266
388
293
257
292
37
206
40
338
105
394
220
416
466
372
234
325
3
108
154
189
453
219
292
23
381
394
8
305
299
397
231
348
368
264
269
355
111
102
227
322
42
140
146
364
135
441
452
354
84
322
132
308
448
260
430
386
92
458
436
146
296
483
456
220
280
229
283
168
242
88
204
267
496
151
105
204
500
200
250
141
92
454
194
159
353
294
478
320
182
450
446
486
192
430
253
110
418
94
420
312
69
143
309
93
463
236
53
107
410
382
451
43
278
442
82
95
322
122
462
444
454
289
342
1
138
198
331
95
461
303
46
431
2
90
192
157
466
4
155
161
26
414
168
346
116
283
266
310
158
217
261
172
445
394
234
190
93
312
420
480
99
432
31
196
490
397
464
359
377
328
63
473
191
204
141
86
477
309
15
58
247
488
246
438
456
474
372
100
72
175
1
291
397
252
117
287
305
62
439
42
31
281
141
150
421
466
281
138
476
365
315
287
182
121
66
59
281
264
76
210
310
319
179
178
276
476
68
372
257
496
229
138
411
13
334
61
431
495
162
326
144
34
19
482
474
97
301
482
113
493
402
315
72
171
414
197
123
258
437
444
251
195
223
140
42
152
269
361
388
102
64
350
39
410
299
485
7
115
57
100
185
94
225
271
15
4
121
125
8
122
142
190
25
221
198
233
456
31
259
236
131
162
221
323
307
95
128
491
428
450
23
89
119
167
312
336
90
285
447
400
233
396
233
39
481
266
238
454
165
291
168
164
209
383
434
136
22
12
316
85
183
174
133
476
70
163
459
1
469
101
11
471
53
426
425
57
494
249
159
430
427
126
311
87
232
399
284
136
485
482
457
193
334
71
443
6
175
500
379
482
2
238
153
397
317
332
35
257
496
315
481
22
90
373
4
99
375
356
286
319
219
336
206
117
178
477
243
299
15
426
4
178
1
42
380
386
487
70
65
33
34
261
362
460
350
200
217
352
471
68
226
135
344
55
313
31
248
447
456
203
7
321
307
205
14
274
343
91
75
388
399
251
38
348
470
210
385
270
148
186
140
333
194
321
375
266
409
176
424
72
332
232
468
365
118
61
20
427
416
27
251
321
375
192
430
66
420
389
11
29
447
340
260
100
479
202
114
309
496
409
490
456
409
434
292
283
380
297
325
9
217
298
420
295
171
403
463
352
110
270
376
19
165
258
195
285
319
476
471
473
149
223
403
134
139
311
34
369
452
419
58
375
40
423
123
214
297
490
8
217
129
70
96
334
26
20
22
270
102
48
258
133
163
347
480
45
251
44
2
367
54
485
93
466
400
360
376
91
497
41
382
461
230
199
323
132
280
230
211
194
286
247
217
334
356
206
334
222
289
150
11
91
76
280
419
295
383
459
411
359
456
128
350
324
458
391
446
299
315
71
190
329
409
384
94
118
453
8
333
466
17
171
333
344
283
6
289
274
246
181
45
467
110
214
146
265
288
206
214
63
237
62
87
453
119
446
104
253
400
399
189
213
442
365
137
484
47
4
9
86
488
232
309
261
202
471
469
434
164
445
40
419
19
438
72
245
56
472
396
59
228
36
184
119
347
43
479
280
59
354
466
374
417
323
349
458
137
399
401
137
99
424
399
205
229
409
429
204
102
254
199
388
381
240
260
467
409
158
135
364
493
281
168
397
419
139
437
285
250
441
220
288
103
334
441
152
471
303
460
80
477
88
226
202
139
10
326
233
375
113
9
54
178
270
314
368
194
156
205
424
418
438
367
351
219
173
156
132
189
222
93
305
185
367
171
211
24
371
407
52
374
387
176
354
491
20
221
187
385
71
435
350
37
80
218
195
298
248
134
36
270
52
385
424
391
151
483
84
228
204
141
229
34
197
439
187
109
412
61
47
454
213
285
313
118
55
95
272
129
271
115
333
438
327
365
330
11
304
93
111
395
226
173
462
489
453
295
119
108
368
256
227
321
332
28
375
457
208
239
36
108
345
165
308
399
262
238
479
131
444
304
371
252
240
415
499
32
277
28
157
404
283
280
342
276
388
212
316
153
410
118
145
61
182
286
182
450
435
438
127
184
416
409
80
236
470
59
412
340
430
292
27
69
29
42
215
315
1
470
491
474
216
286
377
226
326
263
102
112
274
32
354
164
371
44
282
407
309
297
156
337
178
3
197
429
254
347
398
495
67
51
392
417
66
307
314
51
410
442
486
424
434
39
398
497
10
8
477
168
398
387
387
288
221
177
358
484
258
213
465
96
69
225
257
375
7
412
242
67
197
132
317
97
353
235
369
226
477
107
477
464
428
457
15
383
499
60
281
402
481
410
110
158
55
488
308
465
229
377
463
229
136
196
28
297
72
70
434
344
150
105
244
243
113
6
258
359
333
395
215
77
211
26
172
142
338
341
384
451
197
360
83
41
239
237
386
119
26
320
240
198
363
301
3
331
380
252
351
387
262
299
40
131
88
372
114
210
34
267
34
387
356
119
155
419
97
280
418
392
347
143
312
172
382
267
84
469
7
351
156
470
325
49
480
405
456
496
395
112
243
48
278
457
330
369
423
36
3
331
446
377
479
164
241
348
403
344
344
423
465
282
15
496
144
234
195
278
317
74
15
188
78
246
313
139
304
394
10
242
461
452
464
306
153
244
67
78
486
151
347
31
356
324
251
497
38
300
369
203
402
103
128
307
460
189
355
5
185
494
276
160
79
206
291
384
34
157
383
332
382
75
361
49
135
463
469
344
198
121
155
456
176
471
475
438
328
423
389
272
368
472
14
482
412
207
341
348
25
456
89
234
34
310
305
367
178
178
228
332
435
143
284
500
83
197
368
80
322
354
145
495
307
355
494
267
158
185
322
229
378
173
244
80
400
110
202
415
89
193
44
21
254
359
70
432
199
173
234
271
320
482
236
123
408
299
366
281
431
256
199
324
454
292
358
417
380
384
69
14
477
286
470
465
135
94
218
122
113
480
392
226
386
219
182
120
431
258
201
161
171
312
315
408
303
411
21
46
217
297
286
423
70
244
318
419
204
375
355
432
168
368
211
2
433
83
128
323
334
327
255
406
25
267
116
271
118
450
167
459
203
243
369
484
383
464
87
176
182
320
249
385
375
293
481
206
432
346
212
451
228
153
383
49
196
434
104
443
484
20
328
263
400
157
34
188
19
430
344
260
84
251
414
461
274
137
171
246
446
488
48
415
104
345
471
31
183
277
182
358
371
469
281
100
34
290
131
487
334
343
180
492
148
296
88
466
446
92
372
428
33
88
206
333
245
369
330
37
448
481
75
48
147
498
267
193
451
306
321
346
43
346
417
254
384
433
248
343
73
16
198
364
152
219
30
310
355
257
97
190
466
199
22
413
6
355
66
21
423
492
15
167
298
403
365
284
123
54
73
450
450
117
247
386
145
203
287
270
60
278
370
47
299
257
334
197
251
167
335
205
41
45
215
113
494
182
402
437
182
499
499
67
261
249
128
388
120
9
245
100
393
15
20
405
453
332
67
463
438
59
184
382
125
100
409
318
373
112
205
202
71
282
53
231
129
459
220
449
491
142
117
310
206
489
356
433
78
406
242
308
287
409
55
232
413
387
198
21
437
7
318
323
352
368
240
447
399
400
96
452
209
498
169
365
60
219
484
451
208
332
497
383
266
101
289
50
130
486
96
402
306
471
82
429
171
419
368
341
50
485
267
212
84
289
37
266
51
371
474
399
108
15
74
235
21
40
151
408
2
187
108
80
83
431
343
484
300
289
118
260
448
416
470
212
341
102
452
217
137
354
35
365
358
171
441
488
66
262
385
243
4
473
225
460
423
236
268
127
299
318
395
45
13
197
456
214
145
249
434
62
207
471
314
312
216
365
230
63
33
365
485
101
481
176
488
348
97
446
438
445
456
50
342
147
425
433
348
457
296
48
158
266
469
209
207
234
235
136
488
272
42
181
17
5
434
455
382
242
253
481
235
90
280
91
328
329
450
7
205
362
41
377
395
347
331
69
479
390
31
316
47
131
138
331
318
276
153
14
4
262
294
341
158
447
317
205
141
83
364
31
380
55
429
176
258
327
409
497
77
201
34
266
119
69
200
179
258
108
88
192
318
311
287
227
336
322
484
57
347
304
112
194
489
136
26
330
63
174
311
263
361
277
63
318
119
384
231
86
490
270
481
458
62
182
423
14
152
465
189
2
35
269
34
263
343
279
289
124
478
333
424
87
239
342
334
481
158
384
474
440
65
20
327
355
146
70
423
278
57
123
500
144
242
180
196
427
423
232
439
310
88
46
84
410
500
93
356
385
222
192
349
413
13
181
281
317
278
57
256
330
116
95
496
232
196
461
80
135
485
486
473
473
203
325
40
20
186
1
184
174
454
473
50
48
29
341
70
348
312
51
363
297
474
63
182
227
323
174
335
498
299
214
375
441
241
305
329
351
139
105
353
118
147
409
410
77
486
325
48
243
119
393
201
473
136
51
35
51
35
347
260
245
393
396
484
401
44
280
144
237
130
74
226
24
167
463
60
103
138
321
396
96
393
248
322
454
384
25
24
405
441
41
10
418
60
272
160
382
234
316
407
190
105
346
208
392
177
133
187
302
252
231
403
105
471
304
13
163
409
259
226
434
432
483
420
427
45
472
307
157
198
374
107
162
117
54
428
403
236
291
136
412
187
137
449
166
121
28
234
124
482
454
419
293
458
46
27
142
217
155
375
393
274
268
51
149
386
46
28
391
262
302
80
319
369
463
195
115
21
285
10
271
441
402
390
187
153
177
171
34
462
161
442
16
348
424
166
405
286
456
453
430
496
154
418
432
414
422
134
100
72
7
229
185
128
337
353
149
336
382
80
426
64
298
246
176
117
273
497
121
323
286
20
240
10
333
52
403
405
206
412
344
101
174
107
404
243
422
69
434
422
96
212
483
444
206
23
82
362
376
463
136
206
345
48
177
358
192
170
267
231
116
27
335
54
307
194
125
84
161
72
484
214
400
63
69
198
394
390
129
17
314
421
387
234
434
1
275
267
328
222
368
134
45
388
413
209
77
321
102
311
20
8
260
496
434
407
60
337
228
233
413
291
470
415
233
449
264
206
88
310
445
230
41
54
120
326
76
483
152
116
353
256
123
15
264
183
197
159
211
91
303
411
150
185
158
108
182
412
174
147
84
53
366
368
161
4
465
496
369
26
389
193
299
439
466
136
107
269
176
35
282
355
142
444
97
323
129
488
389
485
235
162
249
346
174
120
150
452
398
173
484
169
232
297
218
186
452
169
170
337
289
185
160
286
126
226
9
424
175
235
322
229
38
317
471
312
474
305
37
371
166
83
135
356
401
367
222
270
208
430
341
257
329
364
76
225
453
143
321
409
201
462
261
103
26
363
172
94
266
97
282
426
32
421
232
106
450
341
142
31
478
344
26
379
375
346
146
106
95
21
451
456
454
331
243
417
345
434
115
403
437
253
13
129
384
196
412
93
407
409
458
358
493
166
359
170
356
52
297
149
110
127
219
404
372
421
107
433
345
244
121
452
437
362
325
68
168
293
382
109
221
297
49
23
408
284
183
89
342
270
298
128
315
293
395
370
319
421
15
347
225
243
212
270
111
231
171
490
267
240
207
292
239
354
249
447
311
192
498
466
422
366
197
179
301
187
245
378
102
194
225
7
39
22
9
353
246
373
432
319
254
208
463
486
369
90
131
145
52
106
449
201
92
326
261
34
392
90
151
19
321
369
64
359
441
150
133
210
139
381
365
175
396
478
283
216
75
24
150
33
277
116
312
424
497
250
204
403
454
306
241
415
265
99
464
210
14
290
306
485
266
231
20
372
249
367
31
218
263
477
355
61
459
17
14
340
15
135
53
489
464
373
19
96
413
382
95
184
403
271
191
251
127
74
99
469
498
238
377
484
338
97
114
62
398
141
61
258
190
132
417
486
420
286
55
290
251
477
206
330
329
353
306
437
241
286
190
22
47
449
24
32
27
323
295
49
325
438
26
13
230
15
339
460
335
283
274
223
13
66
322
337
324
241
325
432
417
129
418
189
440
82
307
486
245
436
491
290
299
70
238
262
396
381
362
429
304
178
485
62
485
80
304
348
458
245
427
111
153
276
43
59
331
219
63
442
60
45
208
245
322
400
357
123
402
279
477
156
155
365
233
193
141
403
458
12
309
177
69
82
499
261
3
320
284
54
356
462
51
369
120
174
445
32
173
423
397
267
403
286
349
66
196
188
381
164
94
340
146
494
295
70
94
25
364
344
482
232
272
363
72
400
307
404
17
311
318
39
425
331
123
93
457
165
71
161
474
137
126
302
483
97
407
429
141
498
323
392
453
465
202
6
136
400
396
76
479
75
384
165
460
199
101
112
321
187
63
214
271
39
384
114
373
67
295
310
292
374
73
62
52
304
11
233
12
38
24
284
274
297
142
79
344
459
394
471
41
455
169
174
238
399
248
288
406
244
353
121
209
448
28
347
338
356
347
276
210
123
189
366
485
365
151
73
32
292
50
321
250
81
133
180
291
179
320
192
346
96
9
157
306
51
69
45
143
343
95
477
13
234
5
31
474
253
21
213
419
362
196
105
244
84
413
241
490
348
471
253
14
233
191
328
326
377
318
126
399
34
223
352
6
168
92
194
14
313
47
105
480
267
263
389
286
392
487
100
34
396
387
376
434
356
384
176
260
310
431
95
451
320
315
371
481
466
114
100
442
174
245
89
225
320
139
417
293
165
432
135
19
500
239
227
318
324
48
112
202
222
385
119
269
267
180
168
444
149
301
126
420
309
283
379
413
359
486
381
451
468
351
339
80
242
13
399
120
414
110
457
344
373
497
102
323
454
29
71
341
101
291
88
308
151
14
191
184
134
112
63
186
129
448
126
209
103
276
150
131
274
237
449
160
280
451
280
407
344
250
243
71
489
107
164
324
165
366
418
192
429
362
471
110
96
136
43
172
168
232
500
370
237
442
7
440
361
359
498
299
121
500
414
221
271
357
368
429
402
312
289
445
208
40
212
377
303
38
46
112
41
455
296
429
86
54
79
162
229
258
251
425
73
396
196
85
120
213
242
268
355
236
107
12
108
120
151
306
392
87
32
367
194
329
308
393
310
382
309
73
193
451
134
3
446
88
493
34
379
254
25
492
494
202
249
188
156
312
480
431
53
16
487
220
39
276
209
344
285
190
274
147
41
85
384
122
461
201
498
372
394
220
10
169
246
71
417
458
83
127
406
34
151
116
74
42
447
6
270
230
78
97
401
465
200
85
37
233
413
325
219
55
440
150
62
286
467
222
51
459
368
431
206
363
278
206
479
353
313
460
79
312
391
46
432
55
486
16
437
88
250
298
208
267
181
266
142
382
254
387
11
344
245
102
205
166
413
404
56
276
13
176
377
219
350
218
122
288
15
88
463
465
489
81
304
109
114
172
459
486
13
78
436
429
254
452
419
432
36
160
267
308
424
388
55
192
182
335
130
130
301
458
231
424
234
198
208
41
483
256
155
233
110
362
478
94
202
86
183
18
468
410
277
453
4
424
204
449
242
129
162
462
397
120
361
227
247
8
447
100
412
261
476
436
377
479
84
131
458
337
455
257
214
160
239
235
38
270
477
183
389
353
357
373
420
155
187
326
280
156
243
225
1
439
267
300
464
28
420
74
79
220
305
330
467
322
202
31
417
155
319
267
50
93
477
43
58
495
202
28
167
458
204
189
493
46
451
109
221
270
247
232
157
321
208
8
97
479
226
220
226
10
69
456
380
500
214
31
424
83
107
465
389
181
422
319
279
454
248
374
102
85
297
195
369
322
149
224
302
257
339
312
283
370
184
76
380
226
447
81
38
445
265
111
436
280
473
266
10
278
410
468
284
344
65
34
101
9
10
193
153
39
369
381
407
226
395
209
227
159
456
343
240
385
350
133
452
74
308
401
159
89
354
477
333
443
108
433
461
11
399
404
69
129
166
475
298
498
248
220
403
492
117
322
23
276
426
485
322
46
51
277
393
98
471
240
227
476
317
447
27
183
15
247
13
304
238
400
121
471
258
196
450
191
136
67
294
161
337
473
349
308
118
394
255
485
373
85
80
106
432
40
95
440
450
30
60
450
490
304
297
116
145
362
285
317
286
251
390
253
179
57
388
143
446
371
74
158
408
346
152
171
285
213
232
332
6
128
496
233
76
405
177
394
134
266
424
416
8
121
37
431
378
377
338
413
277
107
250
293
437
282
22
187
196
375
133
463
54
460
129
145
270
48
172
434
424
87
146
219
244
418
384
266
173
363
165
402
117
349
155
26
52
334
12
63
373
363
16
190
323
237
3
165
458
55
435
468
13
149
136
263
199
259
86
256
439
412
252
447
201
454
485
42
71
200
494
476
31
2
91
415
465
164
183
198
349
252
280
130
172
360
66
305
272
405
309
363
466
284
123
167
276
14
474
223
105
264
258
304
101
69
42
447
480
221
159
55
400
373
453
205
30
308
482
39
383
262
448
465
82
245
389
487
266
304
205
87
230
272
484
260
170
452
312
114
156
213
406
499
404
484
326
445
160
191
146
401
123
449
207
62
99
204
105
128
120
252
480
317
492
191
89
446
374
47
135
246
427
484
159
353
471
132
271
170
94
236
100
389
392
232
9
332
151
342
277
496
124
69
495
11
451
371
29
382
89
463
317
124
229
289
461
235
201
222
229
458
345
149
90
361
2
396
475
434
112
321
59
118
274
348
363
129
382
238
305
80
83
386
210
89
168
316
114
238
191
424
125
79
136
359
239
9
237
380
290
91
63
186
134
491
392
487
241
238
199
378
378
149
58
311
137
321
449
144
129
387
444
1
94
76
459
443
302
82
411
383
50
386
63
404
177
16
263
282
39
495
293
441
338
333
177
157
58
331
8
355
238
305
194
391
192
224
98
274
173
168
414
335
337
70
120
470
345
340
110
466
196
96
467
288
207
240
158
375
10
18
148
359
363
371
192
142
231
39
300
108
181
442
302
312
285
450
195
389
34
166
250
29
473
212
100
288
486
333
481
165
362
178
411
100
114
348
112
108
424
421
196
455
61
416
43
168
190
137
334
323
437
143
45
144
27
253
241
39
392
403
465
195
414
311
383
489
160
212
30
441
116
463
463
256
470
260
251
3
363
424
43
334
154
351
224
487
26
489
264
326
371
198
38
470
154
262
399
439
291
301
156
355
66
374
24
257
162
470
430
18
19
170
94
262
289
431
175
22
324
218
323
75
95
10
92
402
305
238
469
308
71
95
77
304
118
110
3
341
16
316
489
268
421
445
146
167
439
216
104
225
350
207
414
248
264
346
96
53
176
157
302
471
194
243
31
249
488
475
438
377
222
118
348
21
381
488
5
288
56
435
500
277
124
50
23
249
73
298
342
347
8
226
457
321
97
364
263
300
146
152
37
297
7
441
271
313
314
44
380
254
290
100
1
32
330
351
355
146
191
13
224
322
190
133
401
57
495
481
222
67
191
132
212
127
127
466
178
278
219
212
262
437
386
474
167
379
242
56
131
48
490
12
351
90
375
59
292
448
435
132
44
115
45
224
451
40
446
99
327
140
134
200
454
38
432
398
492
405
132
458
138
499
70
9
362
274
191
483
192
387
150
168
206
12
236
300
321
422
420
97
362
186
48
176
480
141
320
90
408
283
324
10
81
165
307
466
215
165
108
332
92
90
106
496
232
220
121
418
44
237
245
13
290
209
370
408
153
362
200
477
439
46
258
457
437
471
23
296
143
398
226
321
116
50
145
446
313
460
278
172
146
300
43
163
384
416
362
196
500
476
227
178
383
123
272
211
182
300
132
275
241
424
129
178
461
327
126
389
372
47
97
244
248
400
163
322
213
237
149
462
405
211
410
152
489
459
298
390
236
494
401
490
335
279
160
41
73
42
131
21
195
147
425
50
168
27
208
335
111
227
59
228
181
455
386
395
110
88
285
281
52
23
456
166
205
109
186
119
438
293
24
89
276
468
419
322
211
175
78
307
269
153
404
225
240
432
229
86
74
251
180
334
379
263
233
363
365
166
372
53
149
490
305
369
234
441
116
259
495
225
9
312
40
176
271
23
344
145
236
126
293
130
218
224
281
169
194
491
190
435
124
61
76
350
110
309
207
279
4
342
4
493
345
303
52
20
68
177
404
124
207
459
32
440
475
144
461
291
14
413
187
189
408
89
24
342
93
497
255
336
173
487
490
42
293
193
447
454
286
342
110
145
455
283
8
397
242
248
301
23
392
99
258
118
174
323
197
489
108
433
29
146
437
164
171
279
48
172
331
395
175
470
320
435
122
45
283
175
157
208
319
349
267
240
376
481
281
393
350
115
156
163
480
170
99
314
111
116
204
263
253
356
426
44
48
230
375
206
426
296
475
415
259
243
327
302
412
459
371
178
145
230
330
37
196
314
438
156
102
461
382
15
314
99
438
420
420
111
209
317
30
257
28
36
17
109
218
157
308
393
481
361
453
375
421
27
293
95
94
370
173
314
368
433
114
83
116
177
255
135
393
273
149
304
300
102
490
415
311
72
290
241
242
136
218
250
284
234
106
242
397
441
71
251
185
426
308
3
332
493
457
311
165
173
334
381
429
221
43
358
465
440
482
458
339
152
78
100
133
473
16
342
392
58
241
428
27
258
426
138
185
434
418
382
344
298
331
67
28
410
163
332
46
255
355
402
412
289
328
33
218
492
358
435
279
227
324
284
210
80
218
486
5
23
162
238
139
282
336
139
270
248
393
251
5
110
368
403
464
40
347
412
77
48
124
355
271
208
226
418
313
165
236
33
457
365
453
138
383
104
301
482
474
444
249
405
460
462
186
210
372
259
475
63
250
171
222
411
188
215
37
202
131
157
57
165
457
201
260
383
347
366
273
355
291
314
413
307
196
462
243
356
253
284
272
473
482
107
278
245
394
130
161
158
291
216
14
307
419
488
92
202
128
182
217
248
170
41
483
363
443
127
167
41
178
24
425
271
225
327
337
223
444
396
108
127
460
242
469
225
123
70
133
396
41
269
87
162
494
445
476
441
75
251
428
395
56
309
496
403
24
243
289
162
39
376
11
222
112
399
246
42
162
17
448
478
412
48
352
68
4
333
232
30
499
384
39
120
496
217
158
281
426
147
412
499
3
292
280
299
328
379
69
241
96
168
492
425
414
440
231
293
478
329
400
486
453
264
175
55
106
438
52
309
474
308
78
22
43
125
150
155
93
160
236
148
275
247
146
289
326
99
403
14
263
334
122
40
393
215
228
100
55
350
435
271
256
495
189
110
91
298
463
481
228
489
159
122
136
124
326
319
319
114
429
336
451
314
203
488
367
157
263
335
255
171
85
299
466
183
26
110
194
87
390
500
316
495
481
375
253
325
108
63
279
320
316
346
440
181
448
174
427
397
4
466
104
349
492
477
407
154
484
192
111
225
350
40
256
222
104
430
139
284
341
414
310
155
171
416
404
134
419
413
450
102
153
222
386
123
226
458
166
266
388
323
336
267
460
74
210
426
432
335
437
358
431
80
381
37
497
287
352
317
220
326
179
493
348
173
485
312
348
318
380
202
422
337
495
66
163
455
408
335
255
440
175
276
302
272
255
375
431
191
175
301
110
168
238
268
332
25
38
104
280
114
188
279
145
316
469
15
182
197
478
355
69
304
23
328
242
88
473
64
13
41
234
150
276
102
237
251
152
248
77
239
420
232
348
293
121
285
45
368
410
352
184
126
453
471
409
144
25
188
180
436
153
56
476
323
178
340
251
312
391
276
304
458
316
254
321
89
294
72
152
198
187
187
238
333
430
298
231
385
312
499
388
78
26
365
180
300
496
489
156
191
421
273
55
14
80
361
170
464
401
411
89
365
370
217
366
466
300
444
31
181
301
180
402
487
219
22
457
361
309
1
307
240
448
432
50
189
181
345
406
245
466
215
135
253
355
409
73
444
144
291
78
52
221
258
296
63
343
26
50
381
37
98
218
118
275
279
249
291
367
283
31
49
271
354
333
29
73
272
96
69
65
485
263
363
289
426
416
172
222
71
310
320
393
127
301
300
338
205
442
174
346
102
140
65
279
378
37
322
97
157
91
24
128
307
469
191
235
287
348
390
381
390
475
314
226
327
390
71
453
147
250
69
225
77
401
377
353
337
32
415
60
421
320
445
438
456
334
90
332
274
254
243
341
108
445
319
289
208
236
109
132
218
98
82
400
373
336
350
457
184
251
148
212
313
295
179
166
106
394
6
341
298
59
60
32
115
109
255
423
297
354
397
354
101
386
307
232
309
160
372
463
487
225
121
34
97
155
495
327
457
394
470
494
398
444
358
323
53
439
454
31
146
52
499
272
50
268
388
309
148
337
248
322
233
23
165
11
435
175
224
182
169
468
134
493
453
296
341
24
115
170
223
428
100
423
472
88
133
34
500
127
472
137
486
118
167
251
329
356
228
65
283
187
384
397
81
14
59
68
241
440
100
497
397
80
43
256
299
240
398
411
493
291
48
269
339
76
349
132
78
133
395
272
161
77
155
282
60
378
62
436
372
193
186
12
454
367
285
67
219
181
252
58
386
49
205
368
399
106
64
60
497
236
256
429
91
197
146
69
157
44
467
96
492
126
420
372
222
47
322
485
355
32
313
290
303
234
201
281
209
177
39
160
378
274
445
226
405
10
393
19
224
64
436
375
205
44
185
169
277
7
4
356
212
312
421
406
155
232
36
149
123
206
391
122
353
435
58
445
407
482
214
344
315
114
408
339
402
215
279
215
219
400
495
403
435
83
234
472
292
416
181
273
101
443
301
11
165
75
139
252
289
391
169
349
40
239
16
368
10
212
235
24
141
15
30
47
426
490
33
366
315
260
2
233
231
431
354
107
491
113
416
460
265
334
114
483
105
124
41
381
81
365
222
381
343
126
81
482
169
148
461
418
167
320
87
171
284
228
94
257
162
38
241
262
147
315
463
6
341
266
191
102
3
113
325
81
69
192
226
277
464
320
310
52
495
39
436
146
19
252
2
152
372
263
332
103
169
132
458
305
490
66
317
381
436
55
411
320
326
423
158
181
92
443
270
125
25
223
157
332
55
24
32
64
438
301
141
490
376
215
318
338
249
9
198
90
364
143
398
111
228
81
245
287
218
283
426
334
432
246
110
26
415
359
432
281
302
334
291
398
291
254
56
375
21
104
241
208
404
457
4
345
436
421
246
290
388
454
202
489
389
373
59
56
221
412
192
359
363
5
446
393
241
453
381
155
104
336
105
113
48
209
198
405
37
438
10
355
147
59
369
347
238
410
135
189
376
96
217
220
234
382
173
108
76
321
185
401
261
444
378
139
10
293
297
19
388
181
487
198
366
280
92
147
482
321
295
163
418
156
297
126
394
161
375
25
404
125
238
455
311
447
402
393
10
188
493
409
75
500
45
494
348
270
153
358
71
321
289
52
377
307
374
433
282
3
416
107
494
365
72
280
39
21
429
88
376
28
4
75
10
387
120
477
383
313
495
233
340
146
34
175
276
495
7
369
60
10
351
479
170
133
342
183
246
92
351
322
419
288
463
63
95
268
183
322
474
410
145
266
98
446
321
383
79
104
140
132
361
275
260
500
330
256
62
249
91
9
453
47
434
189
43
218
7
405
338
368
219
154
319
442
188
398
316
53
424
204
196
398
228
54
47
213
79
13
241
386
435
7
75
399
101
105
463
481
348
426
383
300
208
186
274
345
329
399
497
170
296
3
353
24
26
6
115
6
84
389
373
448
487
245
120
63
401
199
141
11
59
358
500
220
456
121
118
436
335
224
137
492
168
46
132
102
365
143
420
56
294
267
25
59
95
463
209
367
396
74
168
477
5
410
386
359
234
92
43
15
135
261
38
202
41
240
423
345
356
246
204
114
181
183
494
414
7
336
267
89
171
483
248
385
112
16
151
6
365
52
459
276
353
263
326
121
165
404
431
72
314
495
16
105
29
194
350
414
319
418
173
197
215
74
418
466
153
191
444
384
23
393
220
265
402
395
105
303
419
183
304
216
440
176
468
137
398
10
450
423
180
333
3
52
253
473
179
422
428
365
53
37
1
355
95
18
371
49
472
311
389
200
55
244
391
383
319
346
12
200
150
321
30
379
80
482
123
166
172
44
183
450
174
303
333
402
75
472
435
408
93
218
159
495
232
126
25
406
395
429
494
480
27
18
427
362
145
39
277
95
29
499
484
87
308
322
164
264
38
128
174
40
161
80
4
401
42
113
152
271
129
175
184
224
329
107
98
179
455
177
257
163
312
407
67
339
136
9
206
166
309
253
468
35
332
2
201
333
26
180
212
203
316
447
276
368
179
465
181
188
160
213
133
482
359
1
391
487
247
495
157
310
208
47
328
476
431
321
121
415
201
369
5
169
137
2
75
309
99
21
423
483
107
432
38
359
275
183
365
303
278
158
487
409
421
448
357
132
41
268
380
384
86
239
244
450
333
187
242
283
162
394
387
292
253
433
309
476
243
325
356
483
212
397
200
137
286
415
125
173
457
76
373
361
317
118
305
99
122
274
118
220
5
303
127
68
174
415
32
130
277
43
379
29
137
141
458
325
434
251
489
382
349
76
275
255
98
371
37
246
423
458
293
376
473
301
418
155
42
404
436
64
260
341
386
405
252
258
393
41
491
461
219
35
341
438
166
142
451
282
80
204
38
177
183
128
80
283
8
475
228
421
7
286
117
17
205
479
271
447
491
382
483
196
490
72
214
207
50
150
297
490
109
251
373
146
355
205
182
92
253
214
61
261
201
424
386
159
19
222
342
39
99
438
199
187
37
298
220
383
111
491
321
163
26
371
420
124
140
275
9
387
106
214
250
472
111
288
296
235
129
384
291
248
92
118
295
464
493
363
183
498
133
108
354
351
429
289
226
444
180
70
107
470
148
304
51
41
354
75
285
254
386
43
72
98
349
183
361
312
34
455
99
288
474
240
209
70
212
64
252
6
296
296
21
239
175
412
418
319
275
170
173
425
473
457
411
122
353
151
86
155
227
358
430
407
35
251
63
113
379
481
217
399
433
280
482
412
472
366
167
59
211
121
45
345
143
314
430
484
343
81
446
103
282
80
406
34
348
51
66
225
288
94
272
271
465
75
102
347
388
217
459
228
143
375
345
276
137
138
291
136
147
298
342
161
472
349
385
98
26
255
292
63
494
300
471
103
467
296
95
333
286
249
412
196
102
499
281
470
411
443
366
404
68
329
141
297
421
294
48
269
442
117
129
400
342
500
305
228
35
426
17
247
497
52
397
78
465
206
379
37
357
253
448
189
161
442
12
73
315
131
309
266
12
188
122
169
121
235
387
52
486
371
63
366
158
211
5
147
438
349
372
492
467
481
199
200
304
154
318
163
35
442
220
219
343
78
314
166
275
310
187
212
367
388
232
6
113
233
156
464
307
338
272
164
245
227
276
17
310
243
355
214
168
376
207
186
246
24
280
387
5
225
189
279
141
126
284
95
436
174
413
460
22
436
50
208
133
429
195
479
389
91
425
455
1
14
242
236
288
261
256
489
276
228
401
293
167
43
231
412
304
419
330
220
474
93
336
260
164
494
278
134
353
20
161
165
131
216
55
437
403
453
352
280
145
452
412
389
299
93
303
418
214
295
330
253
194
202
350
201
342
342
182
182
162
492
98
271
477
368
33
162
351
114
371
487
156
52
176
114
34
389
484
454
133
365
463
197
157
472
50
382
335
87
353
178
367
277
305
38
387
359
320
47
497
399
294
132
417
57
8
123
72
131
214
299
254
452
238
343
172
258
481
485
100
131
378
213
109
44
164
122
107
297
337
342
6
413
230
216
197
396
457
173
152
196
310
41
109
346
456
243
226
334
120
466
206
156
421
79
319
2
130
126
312
160
3
2
406
239
258
246
252
335
157
473
351
111
93
224
391
110
378
173
358
183
167
351
273
281
397
140
389
122
350
373
317
66
300
7
258
158
88
221
215
376
96
228
436
151
314
72
30
483
65
391
181
18
194
370
194
464
480
313
460
121
66
268
385
313
77
174
173
295
19
253
142
90
403
278
115
155
408
170
451
188
210
103
156
493
46
215
442
320
79
343
450
366
151
339
214
489
131
119
134
311
67
176
86
199
458
250
473
497
177
370
121
156
235
322
158
491
291
212
323
268
130
458
200
35
446
178
411
275
76
390
43
233
441
150
419
445
295
336
261
69
484
281
113
268
163
490
33
51
327
131
488
394
470
345
200
491
124
389
238
179
85
372
220
52
190
463
333
305
251
13
149
388
115
375
252
32
76
143
218
137
412
23
408
199
312
112
73
340
402
50
257
96
381
378
150
498
268
307
488
55
399
30
254
186
2
157
101
210
48
461
424
223
424
266
166
297
314
397
57
400
96
414
295
8
362
173
17
98
24
176
285
414
138
332
181
382
468
409
12
253
160
456
355
12
383
484
497
252
82
34
87
145
378
194
64
372
342
478
426
229
446
96
245
94
53
115
448
170
400
142
136
189
307
201
329
125
19
139
322
66
67
165
337
453
471
134
416
100
140
249
104
227
326
230
61
42
266
205
39
28
42
289
395
410
122
60
273
52
304
449
371
97
43
98
283
101
4
122
248
357
73
444
337
496
112
447
57
114
32
73
274
92
351
9
484
221
451
163
63
317
238
427
279
461
266
204
431
354
135
339
186
141
337
118
484
344
277
445
283
36
102
192
208
453
142
250
376
193
452
222
29
309
268
418
139
78
315
120
114
222
157
325
287
449
335
450
178
124
367
210
455
93
113
260
487
150
428
355
297
4
390
495
225
266
344
247
301
11
244
130
384
47
23
54
385
473
174
11
211
324
415
97
359
185
312
496
359
221
395
1
295
349
415
248
451
169
434
242
471
39
446
256
44
176
26
272
477
136
50
172
184
2
123
120
72
486
307
129
88
78
395
246
226
313
141
234
468
185
284
458
103
199
345
492
26
230
350
60
345
24
385
132
454
201
431
28
27
291
187
458
197
360
239
39
279
443
460
70
495
154
448
449
97
152
201
22
287
465
331
347
150
263
476
57
349
410
470
51
94
380
415
427
238
77
358
199
375
76
296
334
89
249
66
111
408
446
271
202
258
157
29
292
278
56
15
384
169
147
355
444
87
231
324
162
214
11
412
266
15
135
122
71
417
157
376
161
447
286
177
399
150
362
268
131
137
134
302
101
87
75
280
367
356
72
142
200
329
321
156
394
157
281
494
123
188
218
174
176
80
368
61
462
365
28
294
42
1
310
28
51
495
498
164
243
81
400
488
132
115
199
214
229
448
490
168
192
223
210
314
102
476
379
154
196
290
180
390
378
67
226
303
388
122
218
386
468
312
427
107
479
204
486
479
390
200
120
51
33
357
247
260
363
461
227
286
415
488
484
425
463
269
64
242
111
297
230
156
391
213
192
28
195
206
237
245
258
119
290
329
18
244
292
301
251
310
396
75
209
148
484
112
452
159
245
35
401
98
101
397
53
353
70
430
156
11
353
220
415
411
222
183
233
275
111
236
25
327
278
57
347
34
73
416
187
151
352
273
355
48
245
456
485
462
17
144
315
302
156
409
226
485
318
249
499
211
409
465
297
232
140
334
261
191
24
385
404
161
11
331
224
450
406
400
320
3
158
209
477
375
56
489
263
236
388
445
71
275
404
194
48
242
200
358
41
241
137
330
123
64
81
10
152
409
331
113
249
332
5
101
305
493
283
185
285
32
400
203
320
284
232
288
457
315
473
230
421
425
445
319
495
289
415
64
132
141
137
37
68
294
187
121
497
369
74
229
147
21
379
169
266
233
499
465
239
21
222
311
470
245
249
129
264
431
302
118
409
249
481
454
46
226
345
187
84
67
296
354
292
460
177
188
290
401
20
263
36
373
397
136
24
424
140
71
93
17
197
243
487
201
72
11
175
452
1
284
363
485
486
291
333
35
233
306
41
85
368
378
288
335
133
90
116
81
281
259
46
209
314
335
405
390
441
114
421
123
163
116
69
172
171
380
71
87
312
245
173
416
451
380
110
359
416
227
437
169
129
358
255
392
356
118
357
320
439
90
217
298
465
462
97
399
465
298
250
482
350
187
356
462
272
20
129
459
41
37
56
376
223
194
493
494
473
26
96
29
243
173
81
70
325
476
193
94
212
